engine loaded 1 s | mode=robust pop=150 gens=200 sd=infl p_slow=None n_z_loop=500
==========================================================================================
n_gen  |  n_eval  | n_nds  |     cv_min    |     cv_avg    |      eps      |   indicator  
==========================================================================================
     1 |      150 |     60 |  0.000000E+00 |  1.784223E+01 |             - |             -
     2 |      300 |    138 |  0.000000E+00 |  0.000000E+00 |  0.0536658129 |         ideal
     3 |      450 |    150 |  0.000000E+00 |  0.000000E+00 |  0.0063943774 |         ideal
     4 |      600 |    150 |  0.000000E+00 |  0.000000E+00 |  0.0220506535 |         ideal
     5 |      750 |    150 |  0.000000E+00 |  0.000000E+00 |  0.0161615783 |         ideal
     6 |      900 |    150 |  0.000000E+00 |  0.000000E+00 |  0.0207542729 |         ideal
     7 |     1050 |    150 |  0.000000E+00 |  0.000000E+00 |  0.0036155508 |         ideal
     8 |     1200 |    150 |  0.000000E+00 |  0.000000E+00 |  0.0050075880 |         ideal
     9 |     1350 |    150 |  0.000000E+00 |  0.000000E+00 |  0.0051091087 |         ideal
    10 |     1500 |    150 |  0.000000E+00 |  0.000000E+00 |  0.0041981739 |         ideal
    11 |     1650 |    150 |  0.000000E+00 |  0.000000E+00 |  0.0127752959 |             f
    12 |     1800 |    150 |  0.000000E+00 |  0.000000E+00 |  0.0095405485 |         nadir
    13 |     1950 |    150 |  0.000000E+00 |  0.000000E+00 |  0.0041933297 |         nadir
    14 |     2100 |    150 |  0.000000E+00 |  0.000000E+00 |  0.0032854628 |         nadir
    15 |     2250 |    150 |  0.000000E+00 |  0.000000E+00 |  0.0163115508 |         nadir
    16 |     2400 |    150 |  0.000000E+00 |  0.000000E+00 |  0.0051770623 |         ideal
    17 |     2550 |    150 |  0.000000E+00 |  0.000000E+00 |  0.0105305537 |             f
    18 |     2700 |    150 |  0.000000E+00 |  0.000000E+00 |  0.0097715605 |         ideal
    19 |     2850 |    150 |  0.000000E+00 |  0.000000E+00 |  0.0040494732 |         ideal
    20 |     3000 |    150 |  0.000000E+00 |  0.000000E+00 |  0.0121456899 |             f
    21 |     3150 |    150 |  0.000000E+00 |  0.000000E+00 |  0.0048836253 |         ideal
    22 |     3300 |    150 |  0.000000E+00 |  0.000000E+00 |  0.0355695467 |         nadir
    23 |     3450 |    150 |  0.000000E+00 |  0.000000E+00 |  0.0046929970 |         ideal
    24 |     3600 |    150 |  0.000000E+00 |  0.000000E+00 |  0.0062606471 |         nadir
    25 |     3750 |    150 |  0.000000E+00 |  0.000000E+00 |  0.0317849884 |         nadir
    26 |     3900 |    150 |  0.000000E+00 |  0.000000E+00 |  0.0088545042 |             f
    27 |     4050 |    150 |  0.000000E+00 |  0.000000E+00 |  0.0102587182 |         nadir
    28 |     4200 |    150 |  0.000000E+00 |  0.000000E+00 |  0.0122540281 |             f
    29 |     4350 |    150 |  0.000000E+00 |  0.000000E+00 |  0.0106120252 |             f
    30 |     4500 |    150 |  0.000000E+00 |  0.000000E+00 |  0.0028024333 |         ideal
    31 |     4650 |    150 |  0.000000E+00 |  0.000000E+00 |  0.0102686806 |             f
    32 |     4800 |    150 |  0.000000E+00 |  0.000000E+00 |  0.0482596254 |         nadir
    33 |     4950 |    150 |  0.000000E+00 |  0.000000E+00 |  0.0108454591 |             f
    34 |     5100 |    150 |  0.000000E+00 |  0.000000E+00 |  0.0095255413 |             f
    35 |     5250 |    150 |  0.000000E+00 |  0.000000E+00 |  0.0111149449 |             f
    36 |     5400 |    150 |  0.000000E+00 |  0.000000E+00 |  0.0115840953 |         nadir
    37 |     5550 |    150 |  0.000000E+00 |  0.000000E+00 |  0.0106301537 |             f
    38 |     5700 |    150 |  0.000000E+00 |  0.000000E+00 |  0.0191197989 |         nadir
    39 |     5850 |    150 |  0.000000E+00 |  0.000000E+00 |  0.0074909960 |             f
    40 |     6000 |    150 |  0.000000E+00 |  0.000000E+00 |  0.0095910109 |             f
    41 |     6150 |    150 |  0.000000E+00 |  0.000000E+00 |  0.0070489512 |             f
    42 |     6300 |    150 |  0.000000E+00 |  0.000000E+00 |  0.0097929148 |             f
    43 |     6450 |    150 |  0.000000E+00 |  0.000000E+00 |  0.0055336687 |         nadir
    44 |     6600 |    150 |  0.000000E+00 |  0.000000E+00 |  0.0123137499 |             f
    45 |     6750 |    150 |  0.000000E+00 |  0.000000E+00 |  0.0029167746 |         nadir
    46 |     6900 |    150 |  0.000000E+00 |  0.000000E+00 |  0.0128113613 |             f
    47 |     7050 |    150 |  0.000000E+00 |  0.000000E+00 |  0.0114350058 |             f
    48 |     7200 |    150 |  0.000000E+00 |  0.000000E+00 |  0.0099699537 |             f
    49 |     7350 |    150 |  0.000000E+00 |  0.000000E+00 |  0.0131491929 |             f
    50 |     7500 |    150 |  0.000000E+00 |  0.000000E+00 |  0.0565293362 |         nadir
    51 |     7650 |    150 |  0.000000E+00 |  0.000000E+00 |  0.0137075457 |             f
    52 |     7800 |    150 |  0.000000E+00 |  0.000000E+00 |  0.0027043185 |         nadir
    53 |     7950 |    150 |  0.000000E+00 |  0.000000E+00 |  0.0123582041 |             f
    54 |     8100 |    150 |  0.000000E+00 |  0.000000E+00 |  0.0045187694 |         nadir
    55 |     8250 |    150 |  0.000000E+00 |  0.000000E+00 |  0.0104775103 |             f
    56 |     8400 |    150 |  0.000000E+00 |  0.000000E+00 |  0.0030931702 |         nadir
    57 |     8550 |    150 |  0.000000E+00 |  0.000000E+00 |  0.0095369161 |             f
    58 |     8700 |    150 |  0.000000E+00 |  0.000000E+00 |  0.0107208637 |             f
    59 |     8850 |    150 |  0.000000E+00 |  0.000000E+00 |  0.0104475607 |             f
    60 |     9000 |    150 |  0.000000E+00 |  0.000000E+00 |  0.0107913409 |             f
    61 |     9150 |    150 |  0.000000E+00 |  0.000000E+00 |  0.0049531973 |         nadir
    62 |     9300 |    150 |  0.000000E+00 |  0.000000E+00 |  0.0198641975 |         nadir
    63 |     9450 |    150 |  0.000000E+00 |  0.000000E+00 |  0.0108865229 |             f
    64 |     9600 |    150 |  0.000000E+00 |  0.000000E+00 |  0.0227694968 |         nadir
    65 |     9750 |    150 |  0.000000E+00 |  0.000000E+00 |  0.0095575418 |             f
    66 |     9900 |    150 |  0.000000E+00 |  0.000000E+00 |  0.0090151755 |             f
    67 |    10050 |    150 |  0.000000E+00 |  0.000000E+00 |  0.0080552890 |             f
    68 |    10200 |    150 |  0.000000E+00 |  0.000000E+00 |  0.0092269340 |             f
    69 |    10350 |    150 |  0.000000E+00 |  0.000000E+00 |  0.0111989863 |             f
    70 |    10500 |    150 |  0.000000E+00 |  0.000000E+00 |  0.0112635290 |             f
    71 |    10650 |    150 |  0.000000E+00 |  0.000000E+00 |  0.0129732557 |             f
    72 |    10800 |    150 |  0.000000E+00 |  0.000000E+00 |  0.0082767803 |             f
    73 |    10950 |    150 |  0.000000E+00 |  0.000000E+00 |  0.0092514960 |             f
    74 |    11100 |    150 |  0.000000E+00 |  0.000000E+00 |  0.0194368441 |         nadir
    75 |    11250 |    150 |  0.000000E+00 |  0.000000E+00 |  0.0107125361 |             f
    76 |    11400 |    150 |  0.000000E+00 |  0.000000E+00 |  0.0025695376 |         nadir
    77 |    11550 |    150 |  0.000000E+00 |  0.000000E+00 |  0.0114844800 |             f
    78 |    11700 |    150 |  0.000000E+00 |  0.000000E+00 |  0.0121743183 |             f
    79 |    11850 |    150 |  0.000000E+00 |  0.000000E+00 |  0.0099312491 |             f
    80 |    12000 |    150 |  0.000000E+00 |  0.000000E+00 |  0.0084447732 |             f
    81 |    12150 |    150 |  0.000000E+00 |  0.000000E+00 |  0.0048214015 |         nadir
    82 |    12300 |    150 |  0.000000E+00 |  0.000000E+00 |  0.0098368197 |             f
    83 |    12450 |    150 |  0.000000E+00 |  0.000000E+00 |  0.0130357596 |             f
    84 |    12600 |    150 |  0.000000E+00 |  0.000000E+00 |  0.0083731232 |             f
    85 |    12750 |    150 |  0.000000E+00 |  0.000000E+00 |  0.0097151223 |             f
    86 |    12900 |    150 |  0.000000E+00 |  0.000000E+00 |  0.0090741595 |             f
    87 |    13050 |    150 |  0.000000E+00 |  0.000000E+00 |  0.0081241979 |             f
    88 |    13200 |    150 |  0.000000E+00 |  0.000000E+00 |  0.0088179755 |             f
    89 |    13350 |    150 |  0.000000E+00 |  0.000000E+00 |  0.0122534221 |             f
    90 |    13500 |    150 |  0.000000E+00 |  0.000000E+00 |  0.0143167547 |         nadir
    91 |    13650 |    150 |  0.000000E+00 |  0.000000E+00 |  0.0083928503 |             f
    92 |    13800 |    150 |  0.000000E+00 |  0.000000E+00 |  0.0117727775 |             f
    93 |    13950 |    150 |  0.000000E+00 |  0.000000E+00 |  0.0090489658 |             f
    94 |    14100 |    150 |  0.000000E+00 |  0.000000E+00 |  0.0065233506 |         nadir
    95 |    14250 |    150 |  0.000000E+00 |  0.000000E+00 |  0.0105220159 |             f
    96 |    14400 |    150 |  0.000000E+00 |  0.000000E+00 |  0.0101824153 |             f
    97 |    14550 |    150 |  0.000000E+00 |  0.000000E+00 |  0.0084400306 |             f
    98 |    14700 |    150 |  0.000000E+00 |  0.000000E+00 |  0.0082846695 |             f
    99 |    14850 |    150 |  0.000000E+00 |  0.000000E+00 |  0.0081444007 |             f
   100 |    15000 |    150 |  0.000000E+00 |  0.000000E+00 |  0.0095678438 |         nadir
   101 |    15150 |    150 |  0.000000E+00 |  0.000000E+00 |  0.0089932663 |             f
   102 |    15300 |    150 |  0.000000E+00 |  0.000000E+00 |  0.0108104747 |             f
   103 |    15450 |    150 |  0.000000E+00 |  0.000000E+00 |  0.0093347073 |             f
   104 |    15600 |    150 |  0.000000E+00 |  0.000000E+00 |  0.0102002943 |             f
   105 |    15750 |    150 |  0.000000E+00 |  0.000000E+00 |  0.0121612805 |             f
   106 |    15900 |    150 |  0.000000E+00 |  0.000000E+00 |  0.0037143642 |         nadir
   107 |    16050 |    150 |  0.000000E+00 |  0.000000E+00 |  0.0083121060 |             f
   108 |    16200 |    150 |  0.000000E+00 |  0.000000E+00 |  0.0099598053 |             f
   109 |    16350 |    150 |  0.000000E+00 |  0.000000E+00 |  0.0101339266 |             f
   110 |    16500 |    150 |  0.000000E+00 |  0.000000E+00 |  0.0074664207 |             f
   111 |    16650 |    150 |  0.000000E+00 |  0.000000E+00 |  0.0103586658 |             f
   112 |    16800 |    150 |  0.000000E+00 |  0.000000E+00 |  0.0091714711 |             f
   113 |    16950 |    150 |  0.000000E+00 |  0.000000E+00 |  0.0113267928 |             f
   114 |    17100 |    150 |  0.000000E+00 |  0.000000E+00 |  0.0114608569 |             f
   115 |    17250 |    150 |  0.000000E+00 |  0.000000E+00 |  0.0116611554 |             f
   116 |    17400 |    150 |  0.000000E+00 |  0.000000E+00 |  0.0124266434 |             f
   117 |    17550 |    150 |  0.000000E+00 |  0.000000E+00 |  0.0098029005 |             f
   118 |    17700 |    150 |  0.000000E+00 |  0.000000E+00 |  0.0169900830 |         nadir
   119 |    17850 |    150 |  0.000000E+00 |  0.000000E+00 |  0.0105082201 |             f
   120 |    18000 |    150 |  0.000000E+00 |  0.000000E+00 |  0.0086876357 |         nadir
   121 |    18150 |    150 |  0.000000E+00 |  0.000000E+00 |  0.0099180634 |             f
   122 |    18300 |    150 |  0.000000E+00 |  0.000000E+00 |  0.0097484735 |             f
   123 |    18450 |    150 |  0.000000E+00 |  0.000000E+00 |  0.0087637722 |         nadir
   124 |    18600 |    150 |  0.000000E+00 |  0.000000E+00 |  0.0104332168 |             f
   125 |    18750 |    150 |  0.000000E+00 |  0.000000E+00 |  0.0117656691 |             f
   126 |    18900 |    150 |  0.000000E+00 |  0.000000E+00 |  0.0100616523 |             f
   127 |    19050 |    150 |  0.000000E+00 |  0.000000E+00 |  0.0104420704 |             f
   128 |    19200 |    150 |  0.000000E+00 |  0.000000E+00 |  0.0111267412 |         nadir
   129 |    19350 |    150 |  0.000000E+00 |  0.000000E+00 |  0.0052701367 |         nadir
   130 |    19500 |    150 |  0.000000E+00 |  0.000000E+00 |  0.0119322390 |             f
   131 |    19650 |    150 |  0.000000E+00 |  0.000000E+00 |  0.0069950699 |         nadir
   132 |    19800 |    150 |  0.000000E+00 |  0.000000E+00 |  0.0133874246 |             f
   133 |    19950 |    150 |  0.000000E+00 |  0.000000E+00 |  0.0094589805 |             f
   134 |    20100 |    150 |  0.000000E+00 |  0.000000E+00 |  0.0100214401 |             f
   135 |    20250 |    150 |  0.000000E+00 |  0.000000E+00 |  0.0072955825 |             f
   136 |    20400 |    150 |  0.000000E+00 |  0.000000E+00 |  0.0100007854 |             f
   137 |    20550 |    150 |  0.000000E+00 |  0.000000E+00 |  0.0110967660 |             f
   138 |    20700 |    150 |  0.000000E+00 |  0.000000E+00 |  0.0113302520 |             f
   139 |    20850 |    150 |  0.000000E+00 |  0.000000E+00 |  0.0095899060 |             f
   140 |    21000 |    150 |  0.000000E+00 |  0.000000E+00 |  0.0128470498 |         nadir
   141 |    21150 |    150 |  0.000000E+00 |  0.000000E+00 |  0.0133561239 |             f
   142 |    21300 |    150 |  0.000000E+00 |  0.000000E+00 |  0.0038156061 |         nadir
   143 |    21450 |    150 |  0.000000E+00 |  0.000000E+00 |  0.0122496830 |             f
   144 |    21600 |    150 |  0.000000E+00 |  0.000000E+00 |  0.0088737394 |             f
   145 |    21750 |    150 |  0.000000E+00 |  0.000000E+00 |  0.0215487108 |         nadir
   146 |    21900 |    150 |  0.000000E+00 |  0.000000E+00 |  0.0220232842 |         nadir
   147 |    22050 |    150 |  0.000000E+00 |  0.000000E+00 |  0.0047505837 |         nadir
   148 |    22200 |    150 |  0.000000E+00 |  0.000000E+00 |  0.0099464035 |             f
   149 |    22350 |    150 |  0.000000E+00 |  0.000000E+00 |  0.0113126982 |             f
   150 |    22500 |    150 |  0.000000E+00 |  0.000000E+00 |  0.0106321284 |             f
   151 |    22650 |    150 |  0.000000E+00 |  0.000000E+00 |  0.0114053606 |             f
   152 |    22800 |    150 |  0.000000E+00 |  0.000000E+00 |  0.0031004570 |         nadir
   153 |    22950 |    150 |  0.000000E+00 |  0.000000E+00 |  0.0103176209 |             f
   154 |    23100 |    150 |  0.000000E+00 |  0.000000E+00 |  0.0104398091 |             f
   155 |    23250 |    150 |  0.000000E+00 |  0.000000E+00 |  0.0118878134 |             f
   156 |    23400 |    150 |  0.000000E+00 |  0.000000E+00 |  0.0098930013 |             f
   157 |    23550 |    150 |  0.000000E+00 |  0.000000E+00 |  0.0091435451 |             f
   158 |    23700 |    150 |  0.000000E+00 |  0.000000E+00 |  0.0096116000 |             f
   159 |    23850 |    150 |  0.000000E+00 |  0.000000E+00 |  0.0101211202 |             f
   160 |    24000 |    150 |  0.000000E+00 |  0.000000E+00 |  0.0091904849 |             f
   161 |    24150 |    150 |  0.000000E+00 |  0.000000E+00 |  0.0040846347 |         nadir
   162 |    24300 |    150 |  0.000000E+00 |  0.000000E+00 |  0.0082946747 |             f
   163 |    24450 |    150 |  0.000000E+00 |  0.000000E+00 |  0.0088864504 |             f
   164 |    24600 |    150 |  0.000000E+00 |  0.000000E+00 |  0.0107129169 |             f
   165 |    24750 |    150 |  0.000000E+00 |  0.000000E+00 |  0.0107206560 |             f
   166 |    24900 |    150 |  0.000000E+00 |  0.000000E+00 |  0.0099278587 |             f
   167 |    25050 |    150 |  0.000000E+00 |  0.000000E+00 |  0.0081299406 |             f
   168 |    25200 |    150 |  0.000000E+00 |  0.000000E+00 |  0.0112125125 |             f
   169 |    25350 |    150 |  0.000000E+00 |  0.000000E+00 |  0.0083196385 |             f
   170 |    25500 |    150 |  0.000000E+00 |  0.000000E+00 |  0.0126324803 |             f
   171 |    25650 |    150 |  0.000000E+00 |  0.000000E+00 |  0.0090615105 |             f
   172 |    25800 |    150 |  0.000000E+00 |  0.000000E+00 |  0.0117168966 |             f
   173 |    25950 |    150 |  0.000000E+00 |  0.000000E+00 |  0.0089623336 |             f
   174 |    26100 |    150 |  0.000000E+00 |  0.000000E+00 |  0.0115468703 |             f
   175 |    26250 |    150 |  0.000000E+00 |  0.000000E+00 |  0.0094909827 |             f
   176 |    26400 |    150 |  0.000000E+00 |  0.000000E+00 |  0.0114256818 |             f
   177 |    26550 |    150 |  0.000000E+00 |  0.000000E+00 |  0.0037279143 |         nadir
   178 |    26700 |    150 |  0.000000E+00 |  0.000000E+00 |  0.0491357914 |         nadir
   179 |    26850 |    150 |  0.000000E+00 |  0.000000E+00 |  0.0341793204 |         nadir
   180 |    27000 |    150 |  0.000000E+00 |  0.000000E+00 |  0.0088321834 |             f
   181 |    27150 |    150 |  0.000000E+00 |  0.000000E+00 |  0.0108990977 |             f
   182 |    27300 |    150 |  0.000000E+00 |  0.000000E+00 |  0.0099067790 |             f
   183 |    27450 |    150 |  0.000000E+00 |  0.000000E+00 |  0.0131277997 |             f
   184 |    27600 |    150 |  0.000000E+00 |  0.000000E+00 |  0.0090806826 |             f
   185 |    27750 |    150 |  0.000000E+00 |  0.000000E+00 |  0.0089269702 |         nadir
   186 |    27900 |    150 |  0.000000E+00 |  0.000000E+00 |  0.0100672781 |             f
   187 |    28050 |    150 |  0.000000E+00 |  0.000000E+00 |  0.0026062442 |         nadir
   188 |    28200 |    150 |  0.000000E+00 |  0.000000E+00 |  0.0227321376 |         nadir
   189 |    28350 |    150 |  0.000000E+00 |  0.000000E+00 |  0.0115562481 |             f
   190 |    28500 |    150 |  0.000000E+00 |  0.000000E+00 |  0.0186172619 |         nadir
   191 |    28650 |    150 |  0.000000E+00 |  0.000000E+00 |  0.0206353677 |         nadir
   192 |    28800 |    150 |  0.000000E+00 |  0.000000E+00 |  0.0097884339 |         nadir
   193 |    28950 |    150 |  0.000000E+00 |  0.000000E+00 |  0.0101704903 |             f
   194 |    29100 |    150 |  0.000000E+00 |  0.000000E+00 |  0.0117585204 |             f
   195 |    29250 |    150 |  0.000000E+00 |  0.000000E+00 |  0.0101690992 |             f
   196 |    29400 |    150 |  0.000000E+00 |  0.000000E+00 |  0.0076636366 |             f
   197 |    29550 |    150 |  0.000000E+00 |  0.000000E+00 |  0.0123492695 |             f
   198 |    29700 |    150 |  0.000000E+00 |  0.000000E+00 |  0.0030072764 |         nadir
   199 |    29850 |    150 |  0.000000E+00 |  0.000000E+00 |  0.0085624804 |             f
   200 |    30000 |    150 |  0.000000E+00 |  0.000000E+00 |  0.0092611081 |             f
DONE 37961 s | pop 150 | feasible 100.0% | saved F:\My documents\Thesis Extension\capsule_opt\uq\data/opt_robust.csv
